NEXT_PUBLIC_LONGITUDE=14.47576
NEXT_PUBLIC_LATITUDE=120.99281